Nodes at

1	3.5	4.5				
2	2.0	3.0	5.0	6.0		
3	0.5	1.5	3.5	4.5	6.5	7.5
4	0.0	2.0	3.0	5.0	6.0	8.0
5	0.5	1.5	3.5	4.5	6.5	7.5
6	0.0	2.0	3.0	5.0	6.0	8.0
7	0.5	1.5	3.5	4.5	6.5	7.5
8	0.0	2.0	3.0	5.0	6.0	8.0
9	0.5	1.5	3.5	4.5	6.5	7.5
10	2.0	3.0	5.0	6.0		
11	3.5	4.5

1	6.5	7.5						
2	5.0	6.0	8.0	9.0				
3	3.5	4.5	6.5	7.5	9.5	10.5		
4	2.0	3.0	5.0	6.0	8.0	9.0	11.0	
5	0.5	1.5	3.5	4.5	6.5	7.5	9.5	10.5
6	0.0	2.0	3.0	5.0	6.0	8.0	9.0	11.0
7	0.5	1.5	3.5	4.5	6.5	7.5	9.5	10.5
8	2.0	3.0	5.0	6.0	8.0	9.0	11.0	
9	3.5	4.5	6.5	7.5	9.5	10.5		
10	5.0	6.0	8.0	9.0				
11	6.5	7.5